1 37869U 11064C   25143.57154119  .00000000  00000+0  00000+0 0  9991
2 37869  65.0653  86.1408 0026038 255.6640 305.8086  2.13101756105455
1 37869U 11064C   25143.57154119  .00000000  00000+0  00000+0 0  9991
2 37869  65.0653  86.1408 0026038 255.6640 305.8086  2.13101756105466
1 37869U 11064C   25144.49032797 -.00000010  00000+0  00000+0 0  9992
2 37869  65.0657  86.1097 0026001 255.6290 290.7036  2.13101756105484
1 37869U 11064C   25144.92713509 -.00000014  00000+0  00000+0 0  9991
2 37869  65.0659  86.0949 0025986 255.6156 265.8197  2.13101759105498
1 37869U 11064C   25145.18766057 -.00000016  00000+0  00000+0 0  9998
2 37869  65.0661  86.0861 0025974 255.6075 105.6935  2.13101761105495
1 37869U 11064C   25145.42066892 -.00000017  00000+0  00000+0 0  9996
2 37869  65.0662  86.0782 0025964 255.5910 284.4656  2.13101761105502
1 37869U 11064C   25147.17811619 -.00000021  00000+0  00000+0 0  9990
2 37869  65.0670  86.0188 0025906 255.5276 192.7790  2.13101777105532
1 37869U 11064C   25147.17811619 -.00000021  00000+0  00000+0 0  9990
2 37869  65.0670  86.0188 0025906 255.5276 192.7790  2.13101777105543
1 37869U 11064C   25148.23428247 -.00000018  00000+0  00000+0 0  9995
2 37869  65.0675  85.9830 0025868 255.4797 283.0794  2.13101789105556
1 37869U 11064C   25148.23428247 -.00000018  00000+0  00000+0 0  9995
2 37869  65.0675  85.9830 0025868 255.4797 283.0794  2.13101789105567
1 37869U 11064C   25149.57348131 -.00000011  00000+0  00000+0 0  9999
2 37869  65.0682  85.9377 0025822 255.4224 230.5215  2.13101808105585
1 37869U 11064C   25149.57348131 -.00000011  00000+0  00000+0 0  9999
2 37869  65.0682  85.9377 0025822 255.4224 230.5215  2.13101808105596
1 37869U 11064C   25149.74913468 -.00000010  00000+0  00000+0 0  9998
2 37869  65.0683  85.9318 0025809 255.4112   5.2876  2.13101813105599
1 37869U 11064C   25150.50184234 -.00000006  00000+0  00000+0 0  9990
2 37869  65.0686  85.9063 0025783 255.3751 222.7738  2.13101827105619
1 37869U 11064C   25151.44535444 -.00000004  00000+0  00000+0 0  9995
2 37869  65.0690  85.8743 0025751 255.3342 226.6431  2.13101845105623
1 37869U 11064C   25151.44535444 -.00000004  00000+0  00000+0 0  9995
2 37869  65.0690  85.8743 0025751 255.3342 226.6431  2.13101845105634
1 37869U 11064C   25152.46231221 -.00000006  00000+0  00000+0 0  9996
2 37869  65.0695  85.8399 0025715 255.2866 286.8640  2.13101866105640
1 37869U 11064C   25152.46231221 -.00000006  00000+0  00000+0 0  9996
2 37869  65.0695  85.8399 0025715 255.2866 286.8640  2.13101866105651
1 37869U 11064C   25154.09183772 -.00000015  00000+0  00000+0 0  9994
2 37869  65.0703  85.7847 0025662 255.2028  97.0611  2.13101901105682
1 37869U 11064C   25154.31816304 -.00000017  00000+0  00000+0 0  9995
2 37869  65.0704  85.7771 0025655 255.1893 270.7032  2.13101905105692
1 37869U 11064C   25155.03552406 -.00000024  00000+0  00000+0 0  9993
2 37869  65.0707  85.7528 0025629 255.1486 101.0774  2.13101918105709
1 37869U 11064C   25156.21359545 -.00000033  00000+0  00000+0 0  9993
2 37869  65.0713  85.7129 0025588 255.0756 284.9244  2.13101933105739
1 37869U 11064C   25156.73013149 -.00000037  00000+0  00000+0 0  9991
2 37869  65.0715  85.6954 0025571 255.0426 321.2253  2.13101939105733
1 37869U 11064C   25156.73013149 -.00000037  00000+0  00000+0 0  9991
2 37869  65.0715  85.6954 0025571 255.0426 321.2253  2.13101939105744
1 37869U 11064C   25156.99990051 -.00000039  00000+0  00000+0 0  9997
2 37869  65.0716  85.6863 0025567 255.0230 168.2021  2.13101945105752
1 37869U 11064C   25158.54971786 -.00000042  00000+0  00000+0 0  9998
2 37869  65.0723  85.6339 0025519 254.9353 277.2538  2.13101953105774
1 37869U 11064C   25158.54971786 -.00000042  00000+0  00000+0 0  9998
2 37869  65.0723  85.6339 0025519 254.9353 277.2538  2.13101953105785
1 37869U 11064C   25159.48497855 -.00000040  00000+0  00000+0 0  9990
2 37869  65.0726  85.6023 0025489 254.8878 274.7998  2.13101960105808
1 37869U 11064C   25160.43586388 -.00000035  00000+0  00000+0 0  9991
2 37869  65.0730  85.5701 0025456 254.8332 284.3393  2.13101959105820
1 37869U 11064C   25161.41645409 -.00000027  00000+0  00000+0 0  9991
2 37869  65.0735  85.5369 0025416 254.7670 316.6793  2.13101962105844
1 37869U 11064C   25162.79722683 -.00000014  00000+0  00000+0 0  9999
2 37869  65.0741  85.4902 0025365 254.6767 296.0489  2.13101951105865
1 37869U 11064C   25162.79722683 -.00000014  00000+0  00000+0 0  9999
2 37869  65.0741  85.4902 0025365 254.6767 296.0489  2.13101951105876
1 37869U 11064C   25163.02957941 -.00000012  00000+0  00000+0 0  9991
2 37869  65.0742  85.4823 0025363 254.6687 114.3095  2.13101951105884
1 37869U 11064C   25164.60206840  .00000001  00000+0  00000+0 0  9998
2 37869  65.0749  85.4291 0025303 254.5694 240.7658  2.13101926105905
1 37869U 11064C   25164.60206840  .00000001  00000+0  00000+0 0  9998
2 37869  65.0749  85.4291 0025303 254.5694 240.7658  2.13101926105916
1 37869U 11064C   25165.52708221  .00000006  00000+0  00000+0 0  9995
2 37869  65.0753  85.3978 0025271 254.5120 230.4605  2.13101909105931
1 37869U 11064C   25166.51309314  .00000008  00000+0  00000+0 0  9997
2 37869  65.0757  85.3644 0025237 254.4528 266.9517  2.13101887105940
1 37869U 11064C   25167.47213979  .00000006  00000+0  00000+0 0  9992
2 37869  65.0762  85.3320 0025209 254.4036 282.7471  2.13101876105976
1 37869U 11064C   25167.99631608  .00000004  00000+0  00000+0 0  9990
2 37869  65.0764  85.3142 0025191 254.3742 324.9055  2.13101863105976
1 37869U 11064C   25168.85788274 -.00000002  00000+0  00000+0 0  9997
2 37869  65.0768  85.2850 0025162 254.3296 265.9131  2.13101852106009
1 37869U 11064C   25169.79633296 -.00000011  00000+0  00000+0 0  9994
2 37869  65.0772  85.2532 0025128 254.2765 265.9115  2.13101844106017
1 37869U 11064C   25169.79633296 -.00000011  00000+0  00000+0 0  9994
2 37869  65.0772  85.2532 0025128 254.2765 265.9115  2.13101844106028
1 37869U 11064C   25170.27553400 -.00000016  00000+0  00000+0 0  9992
2 37869  65.0775  85.2370 0025110 254.2462 273.5674  2.13101835106032
1 37869U 11064C   25177.33179950 -.00000025  00000+0  00000+0 0  9990
2 37869  65.0809  84.9981 0024868 253.7707 287.3558  2.13101881106179
1 37869U 11064C   25177.33179950 -.00000025  00000+0  00000+0 0  9990
2 37869  65.0809  84.9981 0024868 253.7707 287.3558  2.13101881106180
1 37869U 11064C   25178.06176612 -.00000022  00000+0  00000+0 0  9990
2 37869  65.0813  84.9735 0024870 253.7700 127.3609  2.13101902106205
1 37869U 11064C   25179.20687652 -.00000020  00000+0  00000+0 0  9996
2 37869  65.0818  84.9347 0024828 253.6778 285.9403  2.13101914106213
1 37869U 11064C   25179.20687652 -.00000020  00000+0  00000+0 0  9996
2 37869  65.0818  84.9347 0024828 253.6778 285.9403  2.13101914106224
1 37869U 11064C   25179.85312454 -.00000021  00000+0  00000+0 0  9993
2 37869  65.0821  84.9128 0024791 253.6008  61.7953  2.13101928106236
1 37869U 11064C   25180.54827363 -.00000024  00000+0  00000+0 0  9994
2 37869  65.0824  84.8892 0024771 253.5468 235.1428  2.13101941106243
1 37869U 11064C   25180.54827363 -.00000024  00000+0  00000+0 0  9994
2 37869  65.0824  84.8892 0024771 253.5468 235.1428  2.13101941106254
1 37869U 11064C   25181.52496222 -.00000031  00000+0  00000+0 0  9997
2 37869  65.0827  84.8561 0024737 253.4630 264.5069  2.13101957106278
1 37869U 11064C   25182.49975515 -.00000039  00000+0  00000+0 0  9999
2 37869  65.0831  84.8232 0024707 253.3807 292.4153  2.13101971106281
1 37869U 11064C   25182.49975515 -.00000039  00000+0  00000+0 0  9999
2 37869  65.0831  84.8232 0024707 253.3807 292.4153  2.13101971106292
1 37869U 11064C   25183.38263937 -.00000045  00000+0  00000+0 0  9993
2 37869  65.0835  84.7932 0024679 253.2965 249.8167  2.13101984106312
1 37869U 11064C   25184.83848586 -.00000052  00000+0  00000+0 0  9991
2 37869  65.0841  84.7441 0024638 253.1543 286.8321  2.13102001106336
1 37869U 11064C   25184.83848586 -.00000052  00000+0  00000+0 0  9991
2 37869  65.0841  84.7441 0024638 253.1543 286.8321  2.13102001106347
1 37869U 11064C   25185.31621044 -.00000053  00000+0  00000+0 0  9994
2 37869  65.0844  84.7279 0024641 253.1509 293.3287  2.13102011106351
1 37869U 11064C   25188.58956436 -.00000035  00000+0  00000+0 0  9992
2 37869  65.0858  84.6171 0024568 252.9287 284.7507  2.13102016106415
1 37869U 11064C   25188.58956436 -.00000035  00000+0  00000+0 0  9992
2 37869  65.0858  84.6171 0024568 252.9287 284.7507  2.13102016106426
1 37869U 11064C   25189.54267728 -.00000026  00000+0  00000+0 0  9998
2 37869  65.0863  84.5849 0024544 252.8646 296.0087  2.13102007106446
1 37869U 11064C   25191.38726382 -.00000007  00000+0  00000+0 0  9998
2 37869  65.0872  84.5224 0024490 252.7152 271.2587  2.13101978106473
1 37869U 11064C   25191.38726382 -.00000007  00000+0  00000+0 0  9998
2 37869  65.0872  84.5224 0024490 252.7152 271.2587  2.13101978106484
1 37869U 11064C   25193.04551679  .00000004  00000+0  00000+0 0  9994
2 37869  65.0881  84.4663 0024428 252.5314 103.5942  2.13101939106512
1 37869U 11064C   25193.28586505  .00000005  00000+0  00000+0 0  9997
2 37869  65.0882  84.4582 0024421 252.5167 287.9952  2.13101926106527
1 37869U 11064C   25195.64025777  .00000003  00000+0  00000+0 0  9996
2 37869  65.0894  84.3785 0024362 252.3523 294.3648  2.13101878106566
1 37869U 11064C   25195.64025777  .00000003  00000+0  00000+0 0  9996
2 37869  65.0894  84.3785 0024362 252.3523 294.3648  2.13101878106577
1 37869U 11064C   25198.44904612 -.00000020  00000+0  00000+0 0  9991
2 37869  65.0908  84.2833 0024285 252.1430 289.3751  2.13101840106629
1 37869U 11064C   25198.44904612 -.00000020  00000+0  00000+0 0  9991
2 37869  65.0908  84.2833 0024285 252.1430 289.3751  2.13101840106630
1 37869U 11064C   25198.91989233 -.00000024  00000+0  00000+0 0  9999
2 37869  65.0911  84.2674 0024292 252.1063 290.6284  2.13101845106649
1 37869U 11064C   25202.19731225 -.00000030  00000+0  00000+0 0  9998
2 37869  65.0932  84.1565 0024151 251.7895 285.2624  2.13101829106709
1 37869U 11064C   25202.19731225 -.00000030  00000+0  00000+0 0  9998
2 37869  65.0932  84.1565 0024151 251.7895 285.2624  2.13101829106710
1 37869U 11064C   25202.21375634 -.00000030  00000+0  00000+0 0  9999
2 37869  65.0933  84.1559 0024139 251.8011 297.8659  2.13101829106718
1 37869U 11064C   25204.55921645 -.00000015  00000+0  00000+0 0  9990
2 37869  65.0944  84.0765 0024047 251.5862 297.4322  2.13101850106758
1 37869U 11064C   25204.55921645 -.00000015  00000+0  00000+0 0  9990
2 37869  65.0944  84.0765 0024047 251.5862 297.4322  2.13101850106769
1 37869U 11064C   25207.40916626 -.00000009  00000+0  00000+0 0  9993
2 37869  65.0960  83.9800 0023939 251.1274 324.2684  2.13101873106818
1 37869U 11064C   25207.40916626 -.00000009  00000+0  00000+0 0  9993
2 37869  65.0960  83.9800 0023939 251.1274 324.2684  2.13101873106829
1 37869U 11064C   25209.70627194 -.00000023  00000+0  00000+0 0  9993
2 37869  65.0970  83.9022 0023840 250.7889 286.8627  2.13101910106860
1 37869U 11064C   25209.70627194 -.00000023  00000+0  00000+0 0  9993
2 37869  65.0970  83.9022 0023840 250.7889 286.8627  2.13101910106871
1 37869U 11064C   25213.20024847 -.00000035  00000+0  00000+0 0  9992
2 37869  65.0991  83.7840 0023935 250.7127  87.3937  2.13101986106949
1 37869U 11064C   25215.30397061 -.00000021  00000+0  00000+0 0  9991
2 37869  65.1003  83.7128 0023924 250.4328 261.5733  2.13101962106989
1 37869U 11064C   25215.30397061 -.00000021  00000+0  00000+0 0  9991
2 37869  65.1003  83.7128 0023924 250.4328 261.5733  2.13101962106990
1 37869U 11064C   25216.24287977 -.00000011  00000+0  00000+0 0  9998
2 37869  65.1008  83.6811 0023903 250.3261 261.9771  2.13101958107010
1 37869U 11064C   25217.22488089  .00000000  00000+0  00000+0 0  9991
2 37869  65.1013  83.6478 0023897 250.3530 295.3059  2.13101948107026
1 37869U 11064C   25217.22488089  .00000000  00000+0  00000+0 0  9991
2 37869  65.1013  83.6478 0023897 250.3530 295.3059  2.13101948107037
1 37869U 11064C   25218.63154051  .00000015  00000+0  00000+0 0  9992
2 37869  65.1021  83.6002 0023880 250.2240 294.5732  2.13101923107063
1 37869U 11064C   25219.58046547  .00000023  00000+0  00000+0 0  9996
2 37869  65.1025  83.5681 0023875 250.2439 302.5344  2.13101921107071
1 37869U 11064C   25219.58046547  .00000023  00000+0  00000+0 0  9996
2 37869  65.1025  83.5681 0023875 250.2439 302.5344  2.13101921107082
1 37869U 11064C   25219.58046547  .00000023  00000+0  00000+0 0  9996
2 37869  65.1026  83.5681 00238782 250.3572 302.4211  2.13101922107080
1 37869U 11064C   25220.26417720  .00000028  00000+0  00000+0 0  9993
2 37869  65.1029  83.5449 0023864 250.1949 107.1022  2.13101913107095
1 37869U 11064C   25221.37142686  .00000031  00000+0  00000+0 0  9996
2 37869  65.1036  83.5074 0023850 250.0908 236.6480  2.13101883107111
1 37869U 11064C   25221.37142686  .00000031  00000+0  00000+0 0  9996
2 37869  65.1036  83.5074 0023850 250.0908 236.6480  2.13101883107122
1 37869U 11064C   25221.91711575  .00000031  00000+0  00000+0 0  9995
2 37869  65.1039  83.4890 0023845 250.0370 295.3346  2.13101867107133
1 37869U 11064C   25224.22149822  .00000021  00000+0  00000+0 0  9991
2 37869  65.1052  83.4110 0023817 249.8334 263.3767  2.13101815107177
1 37869U 11064C   25224.22149822  .00000021  00000+0  00000+0 0  9991
2 37869  65.1052  83.4110 0023817 249.8334 263.3767  2.13101815107188
1 37869U 11064C   25226.13828662  .00000005  00000+0  00000+0 0  9991
2 37869  65.1064  83.3460 0023785 249.7149 293.9853  2.13101787107212
1 37869U 11064C   25226.13828662  .00000005  00000+0  00000+0 0  9991
2 37869  65.1064  83.3460 0023785 249.7149 293.9853  2.13101787107223
1 37869U 11064C   25229.42322873  .00000000  00000+0  00000+0 0  9994
2 37869  65.1084  83.2349 0023754 249.4707 294.3175  2.13101780107284
1 37869U 11064C   25229.42322873  .00000000  00000+0  00000+0 0  9994
2 37869  65.1084  83.2349 0023754 249.4707 294.3175  2.13101780107295
1 37869U 11064C   25229.88949135  .00000003  00000+0  00000+0 0  9993
2 37869  65.1087  83.2191 0023738 249.3731 292.1143  2.13101772107305
1 37869U 11064C   25230.35551690  .00000006  00000+0  00000+0 0  9995
2 37869  65.1090  83.2033 0023732 249.3333 289.6719  2.13101774107319
1 37869U 11064C   25230.58858703  .00000007  00000+0  00000+0 0  9996
2 37869  65.1091  83.1955 0023728 249.3167 108.4913  2.13101776107318
1 37869U 11064C   25233.42312773  .00000023  00000+0  00000+0 0  9992
2 37869  65.1107  83.0996 0023702 248.9703 123.3938  2.13101812107384
1 37869U 11064C   25236.50589807  .00000011  00000+0  00000+0 0  9995
2 37869  65.1126  82.9953 0023695 248.9073 328.4453  2.13101863107440
1 37869U 11064C   25237.38241341  .00000004  00000+0  00000+0 0  9992
2 37869  65.1131  82.9657 00236898 248.8274 280.9558  2.13101877107465
1 37869U 11064C   25239.30670457 -.00000005  00000+0  00000+0 0  9992
2 37869  65.1142  82.9006 00236916 248.6620 317.3673  2.13101904107508
1 37869U 11064C   25240.21369751 -.00000006  00000+0  00000+0 0  9997
2 37869  65.1147  82.8700 00237028 248.6136 293.2276  2.13101914107524
1 37869U 11064C   25240.67975008 -.00000004  00000+0  00000+0 0  9993
2 37869  65.1150  82.8542 00237056 248.5825 290.7973  2.13101919107539
1 37869U 11064C   25242.72344698  .00000010  00000+0  00000+0 0  9992
2 37869  65.1162  82.7851 0023704 248.4161  58.8135  2.13101924107572
1 37869U 11064C   25242.72344698  .00000010  00000+0  00000+0 0  9992
2 37869  65.1162  82.7851 00237043 248.4161  58.8135  2.13101925107576
1 37869U 11064C   25244.43148515  .00000029  00000+0  00000+0 0  9992
2 37869  65.1173  82.7273 00237021 248.3071 289.2672  2.13101912107618
1 37869U 11064C   25249.84682979  .00000060  00000+0  00000+0 0  9994
2 37869  65.1203  82.5441 00237189 247.9456 124.0826  2.13101784107731
1 37869U 11064C   25250.29697288  .00000058  00000+0  00000+0 0  9991
2 37869  65.1206  82.5288 00237208 247.9211 109.4403  2.13101774107731
1 37869U 11064C   25250.53756451  .00000057  00000+0  00000+0 0  9995
2 37869  65.1208  82.5207 0023722 247.9083 294.0262  2.13101767107742
1 37869U 11064C   25251.00357036  .00000054  00000+0  00000+0 0  9991
2 37869  65.1211  82.5050 00237289 247.8933 291.5436  2.13101755107753
1 37869U 11064C   25251.49000266  .00000050  00000+0  00000+0 0  9990
2 37869  65.1214  82.4885 00237324 247.8687 304.7412  2.13101745107768
1 37869U 11064C   25257.09971014  .00000030  00000+0  00000+0 0  9998
2 37869  65.1254  82.2988 00237758 247.4910 288.6797  2.13101691107889
1 37869U 11064C   25258.04350359  .00000035  00000+0  00000+0 0  9992
2 37869  65.1260  82.2669 00237813 247.4752 292.7390  2.13101695107900
1 37869U 11064C   25259.45476547  .00000044  00000+0  00000+0 0  9996
2 37869  65.1270  82.2192 00238032 247.3936 295.4886  2.13101709107938
1 37869U 11064C   25260.34534801  .00000047  00000+0  00000+0 0  9997
2 37869  65.1274  82.1890 00237991 247.4399 258.6641  2.13101717107954
1 37869U 11064C   25260.86069742  .00000047  00000+0  00000+0 0  9991
2 37869  65.1279  82.1716 00238046 247.4160 294.0450  2.13101720107961
1 37869U 11064C   25261.24316170  .00000047  00000+0  00000+0 0  9994
2 37869  65.1285  82.1587 00238152 247.3958 227.4775  2.13101722107979
1 37869U 11064C   25261.32677994  .00000047  00000+0  00000+0 0  9997
2 37869  65.1285  82.1559 00238105 247.3908 291.6312  2.13101718107976
1 37869U 11064C   25264.13540718  .00000029  00000+0  00000+0 0  9992
2 37869  65.1297  82.0609 00238559 247.2089 286.4883  2.13101764108030
1 37869U 11064C   25264.39567782  .00000027  00000+0  00000+0 0  9998
2 37869  65.1298  82.0521 00238607 247.1891 126.1781  2.13101769108041
1 37869U 11064C   25267.61537171  .00000012  00000+0  00000+0 0  9999
2 37869  65.1317  81.9433 00239235 247.0618  76.3358  2.13101820108108
1 37869U 11064C   25270.17990249  .00000027  00000+0  00000+0 0  9999
2 37869  65.1342  81.8568 00239447 247.0687 243.7425  2.13101830108167
1 37869U 11064C   25270.71763669  .00000033  00000+0  00000+0 0  9990
2 37869  65.1344  81.8385 00239492 247.0512 296.2898  2.13101824108174
1 37869U 11064C   25271.18364587  .00000038  00000+0  00000+0 0  9993
2 37869  65.1346  81.8228 00239524 247.0331 293.8127  2.13101817108188
1 37869U 11064C   25271.92655936  .00000045  00000+0  00000+0 0  9994
2 37869  65.1349  81.7976 00239686 246.9941 143.7873  2.13101805108205
1 37869U 11064C   25273.78523823  .00000063  00000+0  00000+0 0  9999
2 37869  65.1355  81.7348 00240415 246.8586 129.8323  2.13101757108246
1 37869U 11064C   25273.78523823  .00000063  00000+0  00000+0 0  9999
2 37869  65.1355  81.7348 0024042 246.8586 129.8322  2.13101757108241
1 37869U 11064C   25275.37349082  .00000070  00000+0  00000+0 0  9997
2 37869  65.1363  81.6810 0024068 246.8377 268.3015  2.13101715108274
1 37869U 11064C   25275.37349082  .00000070  00000+0  00000+0 0  9997
2 37869  65.1363  81.6810 00240682 246.8377 268.3015  2.13101715108276
1 37869U 11064C   25276.29208943  .00000071  00000+0  00000+0 0  9990
2 37869  65.1366  81.6500 00240891 246.8055 253.0483  2.13101690108294
1 37869U 11064C   25278.44107503  .00000061  00000+0  00000+0 0  9998
2 37869  65.1379  81.5774 0024133 246.7850 101.6907  2.13101637108336
1 37869U 11064C   25279.22645572  .00000054  00000+0  00000+0 0  9990
2 37869  65.1384  81.5508 0024151 246.7669 344.2236  2.13101620108359
1 37869U 11064C   25279.37601872  .00000053  00000+0  00000+0 0  9990
2 37869  65.1384  81.5458 00241538 246.7702  98.9595  2.13101617108358
1 37869U 11064C   25279.37601872  .00000053  00000+0  00000+0 0  9990
2 37869  65.1384  81.5458 0024154 246.7702  98.9595  2.13101617108351
1 37869U 11064C   25280.35382602  .00000044  00000+0  00000+0 0  9997
2 37869  65.1390  81.5127 00241703 246.7562 129.1108  2.13101601108389
1 37869U 11064C   25280.79818515  .00000040  00000+0  00000+0 0  9998
2 37869  65.1393  81.4977 0024177 246.7486 110.0141  2.13101595108381
1 37869U 11064C   25280.79818515  .00000040  00000+0  00000+0 0  9998
2 37869  65.1393  81.4977 00241773 246.7486 110.0141  2.13101595108384
1 37869U 11064C   25281.27324956  .00000037  00000+0  00000+0 0  9999
2 37869  65.1396  81.4817 00241809 246.7446 114.4698  2.13101586108404
1 37869U 11064C   25281.50619784  .00000035  00000+0  00000+0 0  9999
2 37869  65.1398  81.4738 0024185 246.7358 293.1878  2.13101585108400
1 37869U 11064C   25281.50619784  .00000035  00000+0  00000+0 0  9999
2 37869  65.1398  81.4738 00241852 246.7358 293.1879  2.13101585108403
1 37869U 11064C   25281.73904205  .00000034  00000+0  00000+0 0  9998
2 37869  65.1399  81.4659 0024189 246.7379 111.8151  2.13101581108406
1 37869U 11064C   25281.97195182  .00000033  00000+0  00000+0 0  9999
2 37869  65.1403  81.4580 00241968 246.7311 290.5015  2.13101576108416
1 37869U 11064C   25281.97195182  .00000033  00000+0  00000+0 0  9999
2 37869  65.1403  81.4580 0024197 246.7311 290.5015  2.13101576108419
1 37869U 11064C   25287.33994579  .00000044  00000+0  00000+0 0  9994
2 37869  65.1438  81.2765 00243183 246.7154  88.6412  2.13101582108529
1 37869U 11064C   25290.89552382  .00000027  00000+0  00000+0 0  9992
2 37869  65.1458  81.1563 00244149 246.6995 296.3635  2.13101638108607
1 37869U 11064C   25291.12850868  .00000025  00000+0  00000+0 0  9997
2 37869  65.1460  81.1484 00244186 246.6979 115.1024  2.13101639108617
1 37869U 11064C   25291.12850868  .00000025  00000+0  00000+0 0  9997
2 37869  65.1460  81.1484 0024419 246.6979 115.1024  2.13101639108612
1 37869U 11064C   25291.82739197  .00000018  00000+0  00000+0 0  9997
2 37869  65.1462  81.1248 00244481 246.6858 291.2714  2.13101648108624
1 37869U 11064C   25292.06044295  .00000016  00000+0  00000+0 0  9990
2 37869  65.1463  81.1169 00244523 246.6818 110.0634  2.13101650108622
1 37869U 11064C   25293.28241736  .00000006  00000+0  00000+0 0  9993
2 37869  65.1462  81.0757 00245139 246.6564 327.5416  2.13101662108654
1 37869U 11064C   25295.10865596  .00000001  00000+0  00000+0 0  9997
2 37869  65.1478  81.0141 0024579 246.6910 288.5289  2.13101685108699
1 37869U 11064C   25295.10865596  .00000001  00000+0  00000+0 0  9997
2 37869  65.1478  81.0141 00245794 246.6910 288.5289  2.13101685108693
