1 63130U 25042A   25143.18739379  .00000004  00000+0  00000+0 0  9990
2 63130  64.8647  86.0827 0006773 233.2850 126.6325  2.13103706  1736
1 63130U 25042A   25143.18739383  .00000004  00000+0  00000+0 0  9995
2 63130  64.8648  86.0827 0006787 233.4154 126.5019  2.13103701  1735
1 63130U 25042A   25143.65664779 -.00000001  00000+0  00000+0 0  9991
2 63130  64.8649  86.0668 0006757 233.2178 126.6980  2.13103714  1743
1 63130U 25042A   25144.12590213 -.00000006  00000+0  00000+0 0  9990
2 63130  64.8652  86.0508 0006744 233.1327 126.7815  2.13103712  1758
1 63130U 25042A   25146.00292368 -.00000021  00000+0  00000+0 0  9996
2 63130  64.8661  85.9868 0006697 232.7761 127.1351  2.13103720  1792
1 63130U 25042A   25148.34921407 -.00000018  00000+0  00000+0 0  9994
2 63130  64.8672  85.9068 0006637 232.3229 127.5946  2.13103735  1841
1 63130U 25042A   25149.28773272 -.00000013  00000+0  00000+0 0  9998
2 63130  64.8677  85.8748 0006618 232.1349 127.7871  2.13103748  1865
1 63130U 25042A   25150.22625117 -.00000008  00000+0  00000+0 0  9992
2 63130  64.8679  85.8428 0006597 231.8682 128.0584  2.13103776  1882
1 63130U 25042A   25150.69550996 -.00000006  00000+0  00000+0 0  9993
2 63130  64.8681  85.8268 0006588 231.7171 128.2116  2.13103795  1894
1 63130U 25042A   25152.10328479 -.00000005  00000+0  00000+0 0  9999
2 63130  64.8688  85.7788 0006563 231.3864 128.5470  2.13103828  1922
1 63130U 25042A   25152.10328601 -.00000005  00000+0  00000+0 0  9996
2 63130  64.8688  85.7788 0006525 231.2358 128.6980  2.13103825  1921
1 63130U 25042A   25154.44956985 -.00000019  00000+0  00000+0 0  9992
2 63130  64.8698  85.6987 0006467 230.5647 129.3710  2.13103861  1974
1 63130U 25042A   25156.32659224 -.00000035  00000+0  00000+0 0  9995
2 63130  64.8707  85.6347 0006427 230.0035 129.9307  2.13103901  2016
1 63130U 25042A   25157.73436153 -.00000042  00000+0  00000+0 0  9993
2 63130  64.8714  85.5867 0006397 229.6731 130.2604  2.13103865  2040
1 63130U 25042A   25158.20361588 -.00000043  00000+0  00000+0 0  9996
2 63130  64.8716  85.5707 0006381 229.4965 130.4372  2.13103944  2058
1 63130U 25042A   25159.14213035 -.00000042  00000+0  00000+0 0  9992
2 63130  64.8720  85.5388 0006368 229.1552 130.7796  2.13103923  2074
1 63130U 25042A   25160.54990372 -.00000034  00000+0  00000+0 0  9995
2 63130  64.8726  85.4908 0006337 228.7476 131.1911  2.13103932  2101
1 63130U 25042A   25161.01916249 -.00000031  00000+0  00000+0 0  9996
2 63130  64.8728  85.4748 0006327 228.6010 131.3395  2.13103924  2117
1 63130U 25042A   25162.42694009 -.00000018  00000+0  00000+0 0  9994
2 63130  64.8734  85.4268 0006300 228.1424 131.8052  2.13103919  2148
1 63130U 25042A   25162.42694031 -.00000018  00000+0  00000+0 0  9999
2 63130  64.8734  85.4268 0006299 228.1345 131.8132  2.13103911  2148
1 63130U 25042A   25163.36545979 -.00000009  00000+0  00000+0 0  9999
2 63130  64.8738  85.3948 0006280 227.8422 132.1111  2.13103903  2162
1 63130U 25042A   25164.30397832 -.00000002  00000+0  00000+0 0  9990
2 63130  64.8742  85.3629 0006280 227.8044 132.1541  2.13103905  2184
1 63130U 25042A   25165.24249771  .00000004  00000+0  00000+0 0  9993
2 63130  64.8747  85.3308 0006261 227.5697 132.3940  2.13103873  2205
1 63130U 25042A   25166.18101508  .00000007  00000+0  00000+0 0  9995
2 63130  64.8751  85.2988 0006244 227.3137 132.6540  2.13103866  2224
1 63130U 25042A   25167.11953063  .00000007  00000+0  00000+0 0  9990
2 63130  64.8756  85.2668 0006224 227.0504 132.9198  2.13103856  2240
1 63130U 25042A   25168.05804377  .00000003  00000+0  00000+0 0  9993
2 63130  64.8760  85.2348 0006199 226.6700 133.3012  2.13103856  2266
1 63130U 25042A   25168.52730056  .00000000  00000+0  00000+0 0  9994
2 63130  64.8763  85.2188 0006185 226.5805 133.3904  2.13103815  2277
1 63130U 25042A   25169.93506541 -.00000013  00000+0  00000+0 0  9995
2 63130  64.8771  85.1707 0006149 226.1491 133.8191  2.13103811  2302
1 63130U 25042A   25170.40431957 -.00000018  00000+0  00000+0 0  9992
2 63130  64.8773  85.1547 0006140 226.0458 133.9212  2.13103819  2313
1 63130U 25042A   25174.15836645 -.00000041  00000+0  00000+0 0  9997
2 63130  64.8791  85.0267 0006066 224.9718 134.9933  2.13103831  2397
1 63130U 25042A   25174.62762446 -.00000040  00000+0  00000+0 0  9995
2 63130  64.8794  85.0107 0006059 224.8287 135.1381  2.13103845  2402
1 63130U 25042A   25176.50466094 -.00000031  00000+0  00000+0 0  9994
2 63130  64.8803  84.9466 0006045 224.4612 135.5148  2.13103873  2442
1 63130U 25042A   25177.44317759 -.00000025  00000+0  00000+0 0  9994
2 63130  64.8807  84.9146 0006068 224.4996 135.4811  2.13103937  2460
1 63130U 25042A   25180.25873219 -.00000023  00000+0  00000+0 0  9993
2 63130  64.8820  84.8186 0005994 222.3477 137.6445  2.13103915  2526
1 63130U 25042A   25181.19724521 -.00000029  00000+0  00000+0 0  9994
2 63130  64.8825  84.7866 0005987 222.1098 137.8832  2.13103936  2541
1 63130U 25042A   25184.95129280 -.00000053  00000+0  00000+0 0  9999
2 63130  64.8843  84.6586 0005980 221.1593 138.8321  2.13103937  2625
1 63130U 25042A   25185.18061006 -.00000053  00000+0  00000+0 0  9996
2 63130  64.8869  84.6496 0005796 227.2445 308.6745  2.13103978  2623
1 63130U 25042A   25190.11312579 -.00000020  00000+0  00000+0 0  9993
2 63130  64.8867  84.4827 0006025 220.4450 139.5622  2.13104028  2738
1 63130U 25042A   25190.58238302 -.00000015  00000+0  00000+0 0  9999
2 63130  64.8869  84.4667 0006033 221.3975 138.6114  2.13104044  2748
1 63130U 25042A   25191.99015958 -.00000002  00000+0  00000+0 0  9991
2 63130  64.8876  84.4186 0006043 221.9684 138.0478  2.13104030  2771
1 63130U 25042A   25193.86719852  .00000006  00000+0  00000+0 0  9996
2 63130  64.8885  84.3546 0006019 219.6764 140.3492  2.13103931  2812
1 63130U 25042A   25194.80571474  .00000006  00000+0  00000+0 0  9997
2 63130  64.8890  84.3226 0005994 219.0376 140.9901  2.13103880  2833
1 63130U 25042A   25196.21347989 -.00000001  00000+0  00000+0 0  9992
2 63130  64.8897  84.2745 0005988 218.9886 141.0378  2.13103893  2869
1 63130U 25042A   25197.15199013 -.00000009  00000+0  00000+0 0  9997
2 63130  64.8902  84.2425 0005979 218.4619 141.5624  2.13103855  2889
1 63130U 25042A   25198.09050221 -.00000017  00000+0  00000+0 0  9997
2 63130  64.8907  84.2105 0005909 217.2075 142.8153  2.13103830  2902
1 63130U 25042A   25202.78307463 -.00000027  00000+0  00000+0 0  9993
2 63130  64.8934  84.0504 0005831 213.2462 146.7816  2.13103772  3009
1 63130U 25042A   25206.06788251 -.00000009  00000+0  00000+0 0  9996
2 63130  64.8955  83.9383 0005929 213.2857 146.7547  2.13103825  3078
1 63130U 25042A   25207.00639737 -.00000009  00000+0  00000+0 0  9995
2 63130  64.8962  83.9062 0005925 213.1227 146.9195  2.13103846  3092
1 63130U 25042A   25209.35267202 -.00000021  00000+0  00000+0 0  9993
2 63130  64.8968  83.8262 0006025 214.0104 146.0291  2.13103901  3141
1 63130U 25042A   25209.82192546 -.00000024  00000+0  00000+0 0  9996
2 63130  64.8971  83.8102 0006071 214.4771 145.5608  2.13103891  3158
1 63130U 25042A   25212.63746204 -.00000036  00000+0  00000+0 0  9998
2 63130  64.8987  83.7143 0006007 212.3711 147.6648  2.13103943  3211
1 63130U 25042A   25213.10672028 -.00000036  00000+0  00000+0 0  9993
2 63130  64.8988  83.6982 0005996 211.5846 148.4520  2.13103936  3229
1 63130U 25042A   25214.04523383 -.00000032  00000+0  00000+0 0  9992
2 63130  64.8994  83.6662 0006002 211.3005 148.7368  2.13103933  3247
1 63130U 25042A   25214.98374794 -.00000025  00000+0  00000+0 0  9997
2 63130  64.9000  83.6342 0006000 211.0802 148.9588  2.13103959  3267
1 63130U 25042A   25215.92226459 -.00000015  00000+0  00000+0 0  9995
2 63130  64.9005  83.6022 0005995 210.9645 149.0774  2.13103943  3286
1 63130U 25042A   25216.39152317 -.00000010  00000+0  00000+0 0  9993
2 63130  64.9008  83.5862 0005997 210.8165 149.2272  2.13103940  3291
1 63130U 25042A   25217.33004174  .00000001  00000+0  00000+0 0  9994
2 63130  64.9014  83.5542 0006004 210.4865 149.5614  2.13103907  3315
1 63130U 25042A   25217.79929778  .00000006  00000+0  00000+0 0  9995
2 63130  64.9013  83.5386 00060455 210.4361 149.6137  2.13103817  3323
1 63130U 25042A   25218.26856000  .00000011  00000+0  00000+0 0  9991
2 63130  64.9019  83.5222 00059974 210.2352 149.8172  2.13103894  3337
1 63130U 25042A   25219.67633708  .00000023  00000+0  00000+0 0  9998
2 63130  64.9027  83.4742 00060108 209.8586 150.1996  2.13103847  3366
1 63130U 25042A   25219.67633708  .00000023  00000+0  00000+0 0  9998
2 63130  64.9027  83.4742 0006011 209.8586 150.1996  2.13103847  3369
1 63130U 25042A   25222.02262381  .00000031  00000+0  00000+0 0  9995
2 63130  64.9040  83.3942 0006031 209.2690 150.7931  2.13103792  3417
1 63130U 25042A   25222.96113479  .00000028  00000+0  00000+0 0  9997
2 63130  64.9045  83.3622 0006034 209.0847 150.9759  2.13103769  3438
1 63130U 25042A   25223.89964330  .00000023  00000+0  00000+0 0  9995
2 63130  64.9051  83.3302 0006042 208.6556 151.4022  2.13103772  3456
1 63130U 25042A   25224.36889851  .00000019  00000+0  00000+0 0  9997
2 63130  64.9053  83.3142 0006064 208.4165 151.6393  2.13103718  3462
1 63130U 25042A   25226.24591419  .00000004  00000+0  00000+0 0  9990
2 63130  64.9065  83.2502 0006077 207.8821 152.1656  2.13103682  3503
1 63130U 25042A   25227.65367904 -.00000003  00000+0  00000+0 0  9996
2 63130  64.9073  83.2022 0006085 207.5759 152.4680  2.13103663  3537
1 63130U 25042A   25228.12293512 -.00000003  00000+0  00000+0 0  9992
2 63130  64.9076  83.1862 0006088 207.4756 152.5678  2.13103657  3542
1 63130U 25042A   25228.59219152 -.00000003  00000+0  00000+0 0  9991
2 63130  64.9079  83.1702 0006091 207.3486 152.6949  2.13103665  3553
1 63130U 25042A   25230.93848122  .00000009  00000+0  00000+0 0  9992
2 63130  64.9094  83.0902 0006113 206.8312 153.2175  2.13103679  3607
1 63130U 25042A   25230.93848123  .00000009  00000+0  00000+0 0  9993
2 63130  64.9095  83.0901 00061125 206.8350 153.2136  2.13103679  3600
1 63130U 25042A   25235.16179867  .00000019  00000+0  00000+0 0  9996
2 63130  64.9121  82.9462 00061762 205.8426 154.2113  2.13103718  3699
1 63130U 25042A   25237.97732772  .00000000  00000+0  00000+0 0  9997
2 63130  64.9141  82.8503 00061935 205.5625 154.4828  2.13103745  3758
1 63130U 25042A   25238.91583714 -.00000005  00000+0  00000+0 0  9998
2 63130  64.9146  82.8183 0006233 205.1446 154.8978  2.13103767  3770
1 63130U 25042A   25238.91583714 -.00000005  00000+0  00000+0 0  9998
2 63130  64.9146  82.8183 00062333 205.1446 154.8978  2.13103767  3773
1 63130U 25042A   25240.79285861 -.00000004  00000+0  00000+0 0  9998
2 63130  64.9159  82.7543 00062576 204.9707 155.0677  2.13103772  3812
1 63130U 25042A   25240.79285861 -.00000004  00000+0  00000+0 0  9998
2 63130  64.9159  82.7543 0006258 204.9707 155.0676  2.13103772  3816
1 63130U 25042A   25243.13914356  .00000014  00000+0  00000+0 0  9997
2 63130  64.9173  82.6744 00062886 204.6435 155.3959  2.13103764  3861
1 63130U 25042A   25246.89321154  .00000053  00000+0  00000+0 0  9994
2 63130  64.9193  82.5465 00063273 204.0575 155.9920  2.13103677  3948
1 63130U 25042A   25247.83172684  .00000058  00000+0  00000+0 0  9996
2 63130  64.9200  82.5145 00063303 203.9882 156.0626  2.13103654  3967
1 63130U 25042A   25248.30098392  .00000060  00000+0  00000+0 0  9995
2 63130  64.9203  82.4985 00063368 203.9044 156.1466  2.13103633  3973
1 63130U 25042A   25248.77024013  .00000061  00000+0  00000+0 0  9996
2 63130  64.9205  82.4825 00063427 203.8869 156.1637  2.13103629  3984
1 63130U 25042A   25248.77024016  .00000061  00000+0  00000+0 0  9999
2 63130  64.9205  82.4825 00063432 203.9117 156.1388  2.13103633  3985
1 63130U 25042A   25249.23949602  .00000060  00000+0  00000+0 0  9997
2 63130  64.9208  82.4665 00063506 203.8865 156.1633  2.13103609  3998
1 63130U 25042A   25259.09386111  .00000041  00000+0  00000+0 0  9991
2 63130  64.9266  82.1306 0006471 203.0982 156.9257  2.13103479  4201
1 63130U 25042A   25259.09386111  .00000041  00000+0  00000+0 0  9991
2 63130  64.9266  82.1306 00064714 203.0982 156.9257  2.13103479  4205
1 63130U 25042A   25266.13269576  .00000014  00000+0  00000+0 0  9999
2 63130  64.9304  81.8908 00066254 202.7691 157.2369  2.13103550  4350
1 63130U 25042A   25268.94822902  .00000017  00000+0  00000+0 0  9991
2 63130  64.9320  81.7949 00067089 202.8409 157.1577  2.13103570  4416
1 63130U 25042A   25268.94822910  .00000017  00000+0  00000+0 0  9990
2 63130  64.9321  81.7949 00067175 202.8032 157.1954  2.13103567  4410
1 63130U 25042A   25269.41748681  .00000020  00000+0  00000+0 0  9999
2 63130  64.9325  81.7790 00066852 202.9296 157.0688  2.13103546  4423
1 63130U 25042A   25269.88674398  .00000024  00000+0  00000+0 0  9997
2 63130  64.9329  81.7630 00066848 202.9147 157.0838  2.13103551  4434
1 63130U 25042A   25274.11007022  .00000064  00000+0  00000+0 0  9997
2 63130  64.9360  81.6192 0006716 202.5956 157.4109  2.13103462  4529
1 63130U 25042A   25279.27188265  .00000053  00000+0  00000+0 0  9996
2 63130  64.9385  81.4433 0006843 203.1408 156.8508  2.13103327  4630
1 63130U 25042A   25279.74113634  .00000049  00000+0  00000+0 0  9991
2 63130  64.9391  81.4273 00068366 203.1802 156.8085  2.13103311  4649
1 63130U 25042A   25289.12627315  .00000040  00000+0  00000+0 0  9991
2 63130  64.9470  81.1077 00069549 204.0861 155.8900  2.13103285  4842
1 63130U 25042A   25289.12627315  .00000040  00000+0  00000+0 0  9991
2 63130  64.9470  81.1077 0006955 204.0861 155.8900  2.13103285  4844
1 63130U 25042A   25290.06478554  .00000034  00000+0  00000+0 0  9998
2 63130  64.9477  81.0758 0007002 204.2325 155.7407  2.13103279  4863
1 63130U 25042A   25290.06478554  .00000034  00000+0  00000+0 0  9998
2 63130  64.9477  81.0758 00070024 204.2325 155.7407  2.13103279  4867
1 63130U 25042A   25292.41106138  .00000012  00000+0  00000+0 0  9991
2 63130  64.9469  80.9959 00070595 204.4000 155.5636  2.13103309  4916
